#m=0,S=0
0.000000 1.013392
0.075377 0.980953
0.150754 1.136930
0.226131 1.022649
0.301508 1.018952
0.376884 0.781034
0.452261 0.653645
0.527638 0.763919
0.603015 0.772400
0.678392 0.792524
0.753769 0.674983
0.829146 0.541142
0.904523 0.526895
0.979899 0.514283
1.055276 0.480481
1.130653 0.359657
1.206030 0.296027
1.281407 0.251224
1.356784 0.173015
1.432161 0.109840
1.507538 0.057700
1.582915 -0.009964
1.658291 -0.071887
1.733668 -0.123842
1.809045 -0.185449
1.884422 -0.257174
1.959799 -0.313225
2.035176 -0.337965
2.110553 -0.410140
2.185930 -0.532190
2.261307 -0.497535
2.336683 -0.534430
2.412060 -0.577618
2.487437 -0.461417
2.562814 -0.685286
2.638191 -0.670396
2.713568 -0.677885
2.788945 -0.760828
2.864322 -0.836176
2.939698 -0.701519
3.015075 -0.820581
3.090452 -0.864657
3.165829 -0.675148
3.241206 -0.674258
3.316583 -0.853122
3.391960 -0.627814
3.467337 -0.786064
3.542714 -0.735333
3.618090 -0.595610
3.693467 -0.570664
3.768844 -0.625037
3.844221 -0.505355
3.919598 -0.479103
3.994975 -0.476144
4.070352 -0.420115
4.145729 -0.357678
4.221106 -0.351235
4.296482 -0.263275
4.371859 -0.231913
4.447236 -0.141524
4.522613 -0.117161
4.597990 -0.074501
4.673367 -0.024253
4.748744 0.021384
4.824121 0.059326
4.899497 0.133528
4.974874 0.164376
5.050251 0.230545
5.125628 0.257040
5.201005 0.262619
5.276382 0.356921
5.351759 0.320297
5.427136 0.410395
5.502513 0.376859
5.577889 0.432169
5.653266 0.527822
5.728643 0.498471
5.804020 0.662444
5.879397 0.602791
5.954774 0.613485
6.030151 0.565095
6.105528 0.478371
6.180905 0.553815
6.256281 0.559066
6.331658 0.405827
6.407035 0.490786
6.482412 0.401802
6.557789 0.449565
6.633166 0.461542
6.708543 0.427638
6.783920 0.453343
6.859296 0.405652
6.934673 0.331105
7.010050 0.335669
7.085427 0.342361
7.160804 0.348337
7.236181 0.333673
7.311558 0.251268
7.386935 0.219000
7.462312 0.204136
7.537688 0.154734
7.613065 0.106188
7.688442 0.079925
7.763819 0.049781
7.839196 0.008202
7.914573 -0.026424
7.989950 -0.056430
8.065327 -0.081651
8.140704 -0.107899
8.216080 -0.149809
8.291457 -0.212280
8.366834 -0.184227
8.442211 -0.213536
8.517588 -0.259030
8.592965 -0.290374
8.668342 -0.377034
8.743719 -0.335464
8.819095 -0.352989
8.894472 -0.328890
8.969849 -0.429577
9.045226 -0.362269
9.120603 -0.456158
9.195980 -0.404115
9.271357 -0.351878
9.346734 -0.402716
9.422111 -0.376668
9.497487 -0.420820
9.572864 -0.429693
9.648241 -0.401090
9.723618 -0.347126
9.798995 -0.369382
9.874372 -0.314223
9.949749 -0.302814
10.025126 -0.325928
10.100503 -0.289654
10.175879 -0.252184
10.251256 -0.254930
10.326633 -0.210489
10.402010 -0.198464
10.477387 -0.182488
10.552764 -0.191308
10.628141 -0.115893
10.703518 -0.092357
10.778894 -0.086082
10.854271 -0.054768
10.929648 -0.022839
11.005025 0.003120
11.080402 0.027484
11.155779 0.039650
11.231156 0.068622
11.306533 0.098587
11.381910 0.120223
11.457286 0.139761
11.532663 0.163363
11.608040 0.192581
11.683417 0.184073
11.758794 0.212051
11.834171 0.224144
11.909548 0.241003
11.984925 0.286442
12.060302 0.226233
12.135678 0.296165
12.211055 0.247044
12.286432 0.298468
12.361809 0.293579
12.437186 0.294012
12.512563 0.306141
12.587940 0.277510
12.663317 0.285759
12.738693 0.302944
12.814070 0.257310
12.889447 0.243150
12.964824 0.218764
13.040201 0.264436
13.115578 0.221957
13.190955 0.196140
13.266332 0.228542
13.341709 0.156622
13.417085 0.192438
13.492462 0.156691
13.567839 0.144335
13.643216 0.148104
13.718593 0.117823
13.793970 0.082832
13.869347 0.062686
13.944724 0.040703
14.020101 0.026491
14.095477 0.010098
14.170854 -0.007478
14.246231 -0.029452
14.321608 -0.042866
14.396985 -0.057775
14.472362 -0.071364
14.547739 -0.098028
14.623116 -0.130422
14.698492 -0.133196
14.773869 -0.131368
14.849246 -0.152986
14.924623 -0.156311
15.000000 -0.163284
#m=1,S=0
0.000000 1.020318
0.100000 1.001004
0.200000 0.971769
0.300000 0.933425
0.400000 0.886787
0.500000 0.832667
0.600000 0.771879
0.700000 0.705235
0.800000 0.633550
0.900000 0.557635
1.000000 0.478304
1.100000 0.396370
1.200000 0.312647
1.300000 0.227948
1.400000 0.143085
1.500000 0.058872
1.600000 -0.023878
1.700000 -0.104354
1.800000 -0.181913
1.900000 -0.256170
2.000000 -0.326761
2.100000 -0.393322
2.200000 -0.455491
2.300000 -0.512905
2.400000 -0.565199
2.500000 -0.612011
2.600000 -0.652978
2.700000 -0.687736
2.800000 -0.715922
2.900000 -0.737172
3.000000 -0.751124
3.100000 -0.757414
3.200000 -0.755680
3.300000 -0.745556
3.400000 -0.726738
3.500000 -0.699577
3.600000 -0.664851
3.700000 -0.623345
3.800000 -0.575842
3.900000 -0.523128
4.000000 -0.465986
4.100000 -0.405202
4.200000 -0.341560
4.300000 -0.275845
4.400000 -0.208840
4.500000 -0.141331
4.600000 -0.074102
4.700000 -0.007938
4.800000 0.056378
4.900000 0.118059
5.000000 0.176323
5.100000 0.230505
5.200000 0.280423
5.300000 0.326019
5.400000 0.367230
5.500000 0.403998
5.600000 0.436261
5.700000 0.463960
5.800000 0.487034
5.900000 0.505422
6.000000 0.519064
6.100000 0.527901
6.200000 0.531871
6.300000 0.530914
6.400000 0.524970
6.500000 0.513979
6.600000 0.497880
6.700000 0.476616
6.800000 0.450349
6.900000 0.419577
7.000000 0.384827
7.100000 0.346626
7.200000 0.305503
7.300000 0.261983
7.400000 0.216596
7.500000 0.169867
7.600000 0.122325
7.700000 0.074497
7.800000 0.026910
7.900000 -0.019908
8.000000 -0.065431
8.100000 -0.109130
8.200000 -0.150478
8.300000 -0.188949
8.400000 -0.224041
8.500000 -0.255567
8.600000 -0.283542
8.700000 -0.307985
8.800000 -0.328913
8.900000 -0.346344
9.000000 -0.360298
9.100000 -0.370791
9.200000 -0.377843
9.300000 -0.381471
9.400000 -0.381694
9.500000 -0.378529
9.600000 -0.371996
9.700000 -0.362111
9.800000 -0.348894
9.900000 -0.332363
10.000000 -0.312535
10.100000 -0.289491
10.200000 -0.263558
10.300000 -0.235124
10.400000 -0.204580
10.500000 -0.172313
10.600000 -0.138713
10.700000 -0.104170
10.800000 -0.069070
10.900000 -0.033805
11.000000 0.001238
11.100000 0.035668
11.200000 0.069098
11.300000 0.101139
11.400000 0.131400
11.500000 0.159494
11.600000 0.185031
11.700000 0.207625
11.800000 0.227067
11.900000 0.243418
12.000000 0.256764
12.100000 0.267192
12.200000 0.274787
12.300000 0.279636
12.400000 0.281823
12.500000 0.281436
12.600000 0.278560
12.700000 0.273281
12.800000 0.265685
12.900000 0.255858
13.000000 0.243886
13.100000 0.229854
13.200000 0.213850
13.300000 0.195957
13.400000 0.176273
13.500000 0.155000
13.600000 0.132411
13.700000 0.108780
13.800000 0.084383
13.900000 0.059492
14.000000 0.034382
14.100000 0.009328
14.200000 -0.015397
14.300000 -0.039517
14.400000 -0.062760
14.500000 -0.084850
14.600000 -0.105514
14.700000 -0.124477
14.800000 -0.141465
14.900000 -0.156204
15.000000 -0.168419
